Data
2618.8814
2488.2929
2617.1679
2709.4802
2617.7264
2620.6838
2516.6002
2693.1378
2588.9731
2555.8676
2789.6958
2698.8658
2724.8642
2614.743
2806.185
2794.4567
2509.9995
2720.6833
2670.4193
2682.6619
2625.3649
2588.8929
2741.0006
2618.9634
2621.9678
2793.002
2666.9955
2701.1922
2592.8333
2814.2843
2709.2701
2719.0858
2602.2967
2815.2072
2705.3672
2626.3057
2531.2938
2679.9684
2649.995
2378.3691
2652.1094
2806.7223
2480.9076
2607.1164
2707.7975
2647.6407
2806.7223
2601.1762
2481.4798
2757.6874
2638.7789
2545.1704
2702.6138
2591.5589
2744.986
2614.7963
2621.8214
2653.5904
2589.8742
2554.558
2627.2654
2691.9904
2662.6878
2558.0051
2635.391
2608.3668
2545.1704
2621.3621
2803.6647
2618.8814
2630.5522
2627.0953
2620.9172
2654.3493
2711.9249
2511.25
2711.9363
2694.8185
2702.1745
2775.497
2776.3875
2609.3953
2490.4642
2569.8375
2580.74
2481.4798
2783.9406
2681.0151
2693.1378
2599.5212
2518.6528
2484.5936
2639.6034
2628.6719
2817.5055
2698.8039
2782.4246
2648.208
2488.2929
2618.917